# name: debug
# type: sparse matrix
# nnz: 36
# rows: 6
# columns: 6

1 1 2.7789182e+09
2 1 1.17352197e+10
3 1 421758588
4 1 -3564641.66
5 1 3134581.69
6 1 -16403.9771
1 2 1.17352197e+10
2 2 4.99680884e+10
3 2 5.32085519e+09
4 2 -149250.502
5 2 -51923907
6 2 -5162110.75
1 3 421758588
2 3 5.32085519e+09
3 3 961212081
4 3 29682011.4
5 3 939242.209
6 3 715768.462
1 4 -3564641.66
2 4 -149250.502
3 4 29682011.4
4 4 64305823.7
5 4 2767664.78
6 4 2772420.61
1 5 3134581.69
2 5 -51923907
3 5 939242.209
4 5 2767664.78
5 5 110356289
6 5 8662798.78
1 6 -16403.9771
2 6 -5162110.75
3 6 715768.462
4 6 2772420.61
5 6 8662798.78
6 6 9575484.32
